00000000000000000000000000000000000000000000000000000000000000000000000000000000000000000000000000000000000000000000000000000000000000000000000000000000000000000000000000000000000000000000000000000000
00000000000000000000000000000000000000000000000000000000000000000000000000000000000000000000000000000000000000000000000000000000000000000000000000000000000000000000000000000000000000000000000000000000
00000000000000000000000000000000000000000000000000000000000000000000000000000000000000000000000000000000000000000000000000000000000000000000000000000000000000000000000000000000000000000000000000122000
00000000000000000000000000000000000000000000000000000000000000000000000000000000000000000000000003444444444444444444444444444444444444444444444444444444444444444444444445555555555555555555555555222600
00000000000000000000000000000000000000000000000000000000000000000000000000000000000000000000000003444444444444444444444444444444444444444444444444444444444444444444444445555555555555555555555555222600
00000000000000000000000000000000000000000000000000000000000000000000000000000000000000000000000003470000000000000000000000000000000000000000000000000000000000000000000008800000000000000000000000910111100
00000000000000000000000000000000000000000000000000000000000000000000000000000000000000000000000003470000000000000000000000000000000000000000000000000000000000000000000008800000000000000000000000910111100
0000000000000000000000000000000000000000000000000000000000000000000000000000000000000000000000000347000000000000000000000000000000000000000000000000000000000000000000000880000000000000000000000000111100
0000000000000000000000000000000000000000000000000000000000000000000000000000000000000000000000000347000000000000000000000000000000000000000000000000000000000000000000000880000000000000000000000000111100
0000000000000000000000000000000000000000000000000000000000000000000000000000000000000000000000000347000000000000000000000000000000000000000000000000000000000000000000000880000000000000000000000000111100
0000000000000000000000000000000000000000000000000000000000000000000000000000000000000000000000000347000000000000000000000000000000000000000000000000000000000000000000000880000000000000000000000000111100
0000000000000000000000000000000000000000000000000000000000000000000000000000000000000000000000000347000000000000000000000000000000000000000000000000000000000000000000000880000000000000000000000000111100
0000000000000000000000000000000000000000000000000000000000000000000000000000000000000000000000000347000000000000000000000000000000000000000000000000000000000000000000000880000000000000000000000000111100
0000000000000000000000000000000000000000000000000000000000000000000000000000000000000000000000000347000000000000000000000000000000000000000000000000000000000000000000000880000000000000000000000000111100
0000000000000000000000000000000000000000000000000000000000000000000000000000000000000000000000000347000000000000000000000000000000000000000000000000000000000000000000000880000000000000000000000000111100
0000000000000000000000000000000000000000000000000000000000000000000000000000000000000000000000000347000000000000000000000000000000000000000000000000000000000000000000000880000000000000000000000000111100
0000000000000000000000000000000000000000000000000000000000000000000000000000000000000000000000000347000000000000000000000000000000000000000000000000000000000000000000000880000000000000000000000000111100
0000000000000000000000000000000000000000000000000000000000000000000000000000000000000000000000000347000000000000000000000000000000000000000000000000000000000000000000000880000000000000000000000000111100
0000000000000000000000000000000000000000000000000000000000000000000000000000000000000000000000000347000000000000000000000000000000000000000000000000000000000000000000000880000000000000000000000000111100
0000000000000000000000000000000000000000000000000000000000000000000000000000000000000000000000000347000000000000000000000000000000000000000000000000000000000000000000000880000000000000000000000000111100
0000000000000000000000000000000000000000000000000000000000000000000000000000000000000000000000000347000000000000000000000000000000000000000000000000000000000000000000000880000000000000000000000000111100
0000000000000000000000000000000000000000000000000000000000000000000000000000000000000000000000000347000000000000000000000000000000000000000000000000000000000000000000000880000000000000000000000000111100
0000000000000000000000000000000000000000000000000000000000000000000000000000000000000000000000000347000000000000000000000000000000000000000000000000000000000000000000000880000000000000000000000000111100
0000000000000000000000000000000000000000000000000000000000000000000000000000000000000000000000000347000000000000000000000000000000000000000000000000000000000000000000000880000000000000000000000000111100
0000000000000000000000000000000000000000000000000000000000000000000000000000000000000000000000000347000000000000000000000000000000000000000000000000000000000000000000000880000000000000000000000000111100
0000000000000000000000000000000000000000000000000000000000000000000000000000000000000000000000000347000000000000000000000000000000000000000000000000000000000000000000000880000000000000000000000000111100
0000000000000000000000000000000000000000000000000000000000000000000000000000000000000000000000000347000000000000000000000000000000000000000000000000000000000000000000000880000000000000000000000000111100
0000000000000000000000000000000000000000000000000000000000000000000000000000000000000000000000000347000000000000000000000000000000000000000000000000000000000000000000000880000000000000000000000000111100
0000000000000000000000000000000000000000000000000000000000000000000000000000000000000000000000000347000000000000000000000000000000000000000000000000000000000000000000000880000000000000000000000000111100
0000000000000000000000000000000000000000000000000000000000000000000000000000000000000000000000000347000000000000000000000000000000000000000000000000000000000000000000000880000000000000000000000000111100
0000000000000000000000000000000000000000000000000000000000000000000000000000000000000000000000000347000000000000000000000000000000000000000000000000000000000000000000000880000000000000000000000000111100
0000000000000000000000000000000000000000000000000000000000000000000000000000000000000000000000000347000000000000000000000000000000000000000000000000000000000000000000000880000000000000000000000000111100
0000000000000000000000000000000000000000000000000000000000000000000000000000000000000000000000000347000000000000000000000000000000000000000000000000000000000000000000000880000000000000000000000000111100
0000000000000000000000000000000000000000000000000000000000000000000000000000000000000000000000000347000000000000000000000000000000000000000000000000000000000000000000000880000000000000000000000000111100
0000000000000000000000000000000000000000000000000000000000000000000000000000000000000000000000000347000000000000000000000000000000000000000000000000000000000000000000000880000000000000000000000000111100
0000000000000000000000000000000000000000000000000000000000000000000000000000000000000000000000000347012121212121212121212121212121212121212121212131313131313131313131313131313131313131313131313131313131313131313131313131313131313131313131480000000000000000000000000111100
00000000000000000000000000000000000000000000000000000000000000000000000000000000000000000000000001516171212121212121212121212121212121212121212121212131313131313131313131313131313131313131313131313131313131313131313131313131313131313131313131480000000000000000000000000111100
0000000000000000000000000000000000000000000000000000000000000000000000000000000000000000000000000151618191919202020202020202020202020202020202020212120202020202020202020202020202020202020202020202020202020202020202020202020202020202020202022232425252525252525252525252525252525252525252525252525111100
0000000000000000000000000000000000000000000000000000000000000000000000000000000000000000000000000151626202020202020202020202020202020202020202020212120202020202020202020202020202020202020202020202020202020202020202020202020202020202020202022232425252525252525252525252525252525252525252525252525111100
00000000000000000000000000000000000000000000000000000000000000000000000000000000000000000000000002728290000000000000000000003030000000000000000000000000000000000000000000000131480000000000000000000000000313100
00000000000000000000000000000000000000000000000000000000000000000000000000000000000000000000000002728290000000000000000000003030000000000000000000000000000000000000000000000131480000000000000000000000000313100
00000000000000000000000000000000000000000000000000000000000000000000000000000000000000000000000002728290000000000000000000003030000000000000000000000000000000000000000000000131480000000000000000000000000313100
00000000000000000000000000000000000000000000000000000000000000000000000000000000000000000000000002728290000000000000000000003030000000000000000000000000000000000000000000000131480000000000000000000000000313100
00000000000000000000000000000000000000000000000000000000000000000000000000000000000000000000000002728290000000000000000000003030000000000000000000000000000000000000000000000131480000000000000000000000000313100
00000000000000000000000000000000000000000000000000000000000000000000000000000000000000000000000002728290000000000000000000003030000000000000000000000000000000000000000000000131480000000000000000000000000313100
000000000000000000000000000000000000000000000000000000000000000000000000000000000000000000000000027282900000000000000000000030300000000000000000000000000000000000000000323232323233343536363636363636363636363636363636363636363636363636313100
000000000000000000000000000000000000000000000000000000000000000000000000000000000000000000000000027282900000000000000000000030300000000000000000000000000000000000000000323232323233343536363636363636363636363636363636363636363636363636313100
00000000000000000000000000000000000000000000000000000000000000000000000000000000000000000000000003738394040404040404040404040404040404040404141414242323232323232323232323232323232323232323232323232323232323232323232323232323232323232000131480000000000000000000000000434300
00000000000000000000000000000000000000000000000000000000000000000000000000000000000000000000000003738394040404040404040404040404040404040404141414242323232323232323232323232323232323232323232323232323232323232323232323232323232323232004445464743434343434343434343434343434343434343434343434343434300
0000000000000000000000000000000000000000000000000000000000000000000000000000000000000000000000000484950515151515151515151515151515151515151515152525253535353535353535353535353535353535353535353535353535353535353535353535353535353535353535354545443434343434343434343434343434343434343434343434343434300
0000000000000000000000000000000000000000000000000000000000000000000000000000000000000000000000000484950515151515151515151515151515151515151515152525253535353535353535353535353535353535353535353535353535353535353535353535353535353535353535354545400000000000000000000000000000
000000000000000000000000000000000000000000000000000000000000000000000000000000000000000000000000048495556000000000000000000000000000000000000000000000000000000000000000000000000000000000000000000000000000
000000000000000000000000000000000000000000000000000000000000000000000000000000000000000000000000057585960000000000000000000000000000000000000000000000000000000000000000000000000000000000000000000000000000
000000000000000000000000000000000000000000000000000000000000000000000000000000000000000000000000057585960000000000000000000000000000000000000000000000000000000000000000000000000000000000000000000000000000
000000000000000000000000000000000000000000000000000000000000000000000000000000000000000000000000057585960000000000000000000000000000000000000000000000000000000000000000000000000000000000000000000000000000
000000000000000000000000000000000000000000000000000000000000000000000000000000000000000000000000057585960000000000000000000000000000000000000000000000000000000000000000000000000000000000000000000000000000
000000000000000000000000000000000000000000000000000000000000000000000000000000000000000000000000057585960000000000000000000000000000000000000000000000000000000000000000000000000000000000000000000000000000
000000000000000000000000000000000000000000000000000000000000000000000000000000000000000000000000057585960000000000000000000000000000000000000000000000000000000000000000000000000000000000000000000000000000
000000000000000000000000000000000000000000000000000000000000000000000000000000000000000000000000057585960000000000000000000000000000000000000000000000000000000000000000000000000000000000000000000000000000
000000000000000000000000000000000000000000000000000000000000000000000000000000000000000000000000057585960000000000000000000000000000000000000000000000000000000000000000000000000000000000000000000000000000
000000000000000000000000000000000000000000000000000000000000000000000000000000000000000000000000057585960000000000000000000000000000000000000000000000000000000000000000000000000000000000000000000000000000
000000000000000000000000000000000000000000000000000000000000000000000000000000000000000000000000057585960000000000000000000000000000000000000000000000000000000000000000000000000000000000000000000000000000
000000000000000000000000000000000000000000000000000000000000000000000000000000000000000000000000057585960000000000000000000000000000000000000000000000000000000000000000000000000000000000000000000000000000
000000000000000000000000000000000000000000000000000000000000000000000000000000000000000000000000057585960000000000000000000000000000000000000000000000000000000000000000000000000000000000000000000000000000
000000000000000000000000000000000000000000000000000000000000000000000000000000000000000000000000057585960000000000000000000000000000000000000000000000000000000000000000000000000000000000000000000000000000
000000000000000000000000000000000000000000000000000000000000000000000000000000000000000000000000057585960000000000000000000000000000000000000000000000000000000000000000000000000000000000000000000000000000
000000000000000000000000000000000000000000000000000000000000000000000000000000000000000000000000057585960000000000000000000000000000000000000000000000000000000000000000000000000000000000000000000000000000
000000000000000000000000000000000000000000000000000000000000000000000000000000000000000000000000057585960000000000000000000000000000000000000000000000000000000000000000000000000000000000000000000000000000
000000000000000000000000000000000000000000000000000000000000000000000000000000000000000000000000057585960000000000000000000000000000000000000000000000000000000000000000000000000000000000000000000000000000
000000000000000000000000000000000000000000000000000000000000000000000000000000000000000000000000057585960000000000000000000000000000000000000000000000000000000000000000000000000000000000000000000000000000
000000000000000000000000000000000000000000000000000000000000000000000000000000000000000000000000057585960000000000000000000000000000000000000000000000000000000000000000000000000000000000000000000000000000
000000000000000000000000000000000000000000000000000000000000000000000000000000000000000000000000057585960000000000000000000000000000000000000000000000000000000000000000000000000000000000000000000000000000
000000000000000000000000000000000000000000000000000000000000000000000000000000000000000000000000057585960000000000000000000000000000000000000000000000000000000000000000000000000000000000000000000000000000
000000000000000000000000000000000000000000000000000000000000000000000000000000000000000000000000057585960000000000000000000000000000000000000000000000000000000000000000000000000000000000000000000000000000
000000000000000000000000000000000000000000000000000000000000000000000000000000000000000000000000057586160000000000000000000000000000000000000000000000000000000000000000000000000000000000000000000000000000
000000000000000000000000000000000000000000000000000000000000000000000000000000000000000000000000057586160000000000000000000000000000000000000000000000000000000000000000000000000000000000000000000000000000
000000000000000000000000000000000000000000000000000000000000000000000000000000000000000000000000062636465000000000000000000000000000000000000000000000000000000000000000000000000000000000000000000000000000
000000000000000000000000000000000000000000000000000000000000000000000000000000000000000000000000062636465000000000000000000000000000000000000000000000000000000000000000000000000000000000000000000000000000
000000000000000000000000000000000000000000000000000000000000000000000000000000000000000000000000062636465000000000000000000000000000000000000000000000000000000000000000000000000000000000000000000000000000
000000000000000000000000000000000000000000000000000000000000000000000000000000000000000000000000066676869000000000000000000000000000000000000000000000000000000000000000000000000000000000000000000000000000
000000000000000000000000000000000000000000000000000000000000000000000000000000000000000000000000066676869000000000000000000000000000000000000000000000000000000000000000000000000000000000000000000000000000
000000000000000000000000000000000000000000000000000000000000000000000000000000000000000000000000066706869000000000000000000000000000000000000000000000000000000000000000000000000000000000000000000000000000
000000000000000000000000000000000000000000000000000000000000000000000000000000000000000000000000066706869000000000000000000000000000000000000000000000000000000000000000000000000000000000000000000000000000
000000000000000000000000000000000000000000000000000000000000000000000000000000000000000000000000066706869000000000000000000000000000000000000000000000000000000000000000000000000000000000000000000000000000
000000000000000000000000000000000000000000000000000000000000000000000000000000000000000000000000066706869000000000000000000000000000000000000000000000000000000000000000000000000000000000000000000000000000
000000000000000000000000000000000000000000000000000000000000000000000000000000000000000000000000066706869000000000000000000000000000000000000000000000000000000000000000000000000000000000000000000000000000
000000000000000000000000000000000000000000000000000000000000000000000000000000000000000000000000066706869000000000000000000000000000000000000000000000000000000000000000000000000000000000000000000000000000
000000000000000000000000000000000000000000000000000000000000000000000000000000000000000000000000066706869000000000000000000000000000000000000000000000000000000000000000000000000000000000000000000000000000
000000000000000000000000000000000000000000000000000000000000000000000000000000000000000000000000066706869000000000000000000000000000000000000000000000000000000000000000000000000000000000000000000000000000
000000000000000000000000000000000000000000000000000000000000000000000000000000000000000000000000066706869000000000000000000000000000000000000000000000000000000000000000000000000000000000000000000000000000
000000000000000000000000000000000000000000000000000000000000000000000000000000000000000000000000066706869000000000000000000000000000000000000000000000000000000000000000000000000000000000000000000000000000
000000000000000000000000000000000000000000000000000000000000000000000000000000000000000000000000066706869000000000000000000000000000000000000000000000000000000000000000000000000000000000000000000000000000
000000000000000000000000000000000000000000000000000000000000000000000000000000000000000000000000066706869000000000000000000000000000000000000000000000000000000000000000000000000000000000000000000000000000
000000000000000000000000000000000000000000000000000000000000000000000000000000000000000000000000066706869000000000000000000000000000000000000000000000000000000000000000000000000000000000000000000000000000
000000000000000000000000000000000000000000000000000000000000000000000000000000000000000000000000066706869000000000000000000000000000000000000000000000000000000000000000000000000000000000000000000000000000
000000000000000000000000000000000000000000000000000000000000000000000000000000000000000000000000066706869000000000000000000000000000000000000000000000000000000000000000000000000000000000000000000000000000
000000000000000000000000000000000000000000000000000000000000000000000000000000000000000000000000066706869000000000000000000000000000000000000000000000000000000000000000000000000000000000000000000000000000
000000000000000000000000000000000000000000000000000000000000000000000000000000000000000000000000066706869000000000000000000000000000000000000000000000000000000000000000000000000000000000000000000000000000
000000000000000000000000000000000000000000000000000000000000000000000000000000000000000000000000071727374000000000000000000000000000000000000000000000000000000000000000000000000000000000000000000000000000
000000000000000075757576767676767676767676767676767676767676767676767676767676767676767676767676767676767676777777787878797979808080808080808080808080808080808080808080808080808080817374000000000000000000000000000000000000000000000000000000000000000000000000000000000000000000000000000
00828282828282828282828282828275757576767683838383838383838383838383838383838383838383838383838383838383838383838383838383838383787878797979808080808080808080808080808080808080808080808080808080817374000000000000000000000000000000000000000000000000000000000000000000000000000000000000000000000000000
00828282828282828282828282828284858600087878787878787878787878787878787878787878787878787878787878787878787878787878888888888899091920093930000000000000000000000000949596000000000000000000000000000000000000000000000000000000000000000000000000000000000000000000000000000
00828200000000000097989900087870000000000000000000000000000000000000000010010110200093930000000000000000000000000949596000000000000000000000000000000000000000000000000000000000000000000000000000000000000000000000000000
0010310310410410410410410410410410410410410410510610710810810810810810910910910910910910910910910910910910910910910910910910910910910910910910910910910910910910910910910910910910910910910910911011111293939393930000000000000000000000000949596000000000000000000000000000000000000000000000000000000000000000000000000000000000000000000000000000
0010310310410410410410410410410410410410410410510610710810810810810810910910910910910910910910910910910910910910910910910910910910910910910910910910910910910910910910910910910910910910910910911011111293939393930000000000000000000000000949596000000000000000000000000000000000000000000000000000000000000000000000000000000000000000000000000000
001031030000000000009798990000000000000000000000000000000000000000000000100101102000000000000000000000000000000949596000000000000000000000000000000000000000000000000000000000000000000000000000000000000000000000000000
001031030000000000009798990000000000000000000000000000000000000000000000100101102000000000000000000000000000000949596000000000000000000000000000000000000000000000000000000000000000000000000000000000000000000000000000
001031030000000000009798990000000000000000000000000000000000000000000000100101102000000000000000000000000000000949596000000000000000000000000000000000000000000000000000000000000000000000000000000000000000000000000000
001031030000000000009798990000000000000000000000000000000000000000000000100101102000000000000000000000000000000949596000000000000000000000000000000000000000000000000000000000000000000000000000000000000000000000000000
001031030000000000009798990000000000000000000000000000000000000000000000100101102000000000000000000000000000000949595000000000000000000000000000000000000000000000000000000000000000000000000000000000000000000000000000
001031030000000000009798990000000000000000000000000000000000000000000000100101102000000000000000000000000000000949595000000000000000000000000000000000000000000000000000000000000000000000000000000000000000000000000000
001031030000000000009798990000000000000000000000000000000000000000000000100101102000000000000000000000000000000113114114000000000000000000000000000000000000000000000000000000000000000000000000000000000000000000000000000
001031030000000000009798990000000000000000000000000000000000000000000000100101102000000000000000000000000000000115114114000000000000000000000000000000000000000000000000000000000000000000000000000000000000000000000000000
001031030000000000009798990000000000000000000000000000000000000000000000100101102000000000000000000000000000000116117117000000000000000000000000000000000000000000000000000000000000000000000000000000000000000000000000000
001031030000000000009798990000000000000000000000000000000000000000000000100101102000000000000000000000000000000116117118000000000000000000000000000000000000000000000000000000000000000000000000000000000000000000000000000
001031030000000000009798990000000000000000000000000000000000000000000000100101102000000000000000000000000000000116117118000000000000000000000000000000000000000000000000000000000000000000000000000000000000000000000000000
001031030000000000009798990000000000000000000000000000000000000000000000100101102000000000000000000000000000000116117118000000000000000000000000000000000000000000000000000000000000000000000000000000000000000000000000000
001031030000000000009798990000000000000000000000000000000000000000000000100101102000000000000000000000000000000116117118000000000000000000000000000000000000000000000000000000000000000000000000000000000000000000000000000
001031030000000000009798990000000000000000000000000000000000000000000000100101102000000000000000000000000000000116117118000000000000000000000000000000000000000000000000000000000000000000000000000000000000000000000000000
001031030000000000009798990000000000000000000000000000000000000000000000100101102000000000000000000000000000000116117118000000000000000000000000000000000000000000000000000000000000000000000000000000000000000000000000000
001031030000000000009798990000000000000000000000000000000000000000000000100101102000000000000000000000000000000116117118000000000000000000000000000000000000000000000000000000000000000000000000000000000000000000000000000
001031030000000000009798990000000000000000000000000000000000000000000000100101102000000000000000000000000000000116117118000000000000000000000000000000000000000000000000000000000000000000000000000000000000000000000000000
001031030000000000009798990000000000000000000000000000000000000000000000100101102000000000000000000000000000000116117118000000000000000000000000000000000000000000000000000000000000000000000000000000000000000000000000000
001031030000000000009798990000000000000000000000000000000000000000000000100101102000000000000000000000000000000116117118000000000000000000000000000000000000000000000000000000000000000000000000000000000000000000000000000
001031030000000000009798990000000000000000000000000000000000000000000000100101102000000000000000000000000000000116117118000000000000000000000000000000000000000000000000000000000000000000000000000000000000000000000000000
001031030000000000009798990000000000000000000000000000000000000000000000100101102000000000000000000000000000000116117118000000000000000000000000000000000000000000000000000000000000000000000000000000000000000000000000000
001031030000000000009798990000000000000000000000000000000000000000000000100101102000000000000000000000000000000116117118000000000000000000000000000000000000000000000000000000000000000000000000000000000000000000000000000
001031030000000000009798990000000000000000000000000000000000000000000000100101102000000000000000000000000000000116117118000000000000000000000000000000000000000000000000000000000000000000000000000000000000000000000000000
001031030000000000009798990000000000000000000000000000000000000000000000100101102000000000000000000000000000000116117118000000000000000000000000000000000000000000000000000000000000000000000000000000000000000000000000000
001031030000000000009798990000000000000000000000000000000000000000000000100101102000000000000000000000000000000116117118000000000000000000000000000000000000000000000000000000000000000000000000000000000000000000000000000
001031030000000000009798990000000000000000000000000000000000000000000000100101102000000000000000000000000000000116117118000000000000000000000000000000000000000000000000000000000000000000000000000000000000000000000000000
001031030000000000009798990000000000000000000000000000000000000000000000100101102000000000000000000000000000000116117118000000000000000000000000000000000000000000000000000000000000000000000000000000000000000000000000000
001031030000000000009798990000000000000000000000000000000000000000000000100101102000000000000000000000000000000116117118000000000000000000000000000000000000000000000000000000000000000000000000000000000000000000000000000
001031030000000000009798990000000000000000000000000000000000000000000000100101102000000000000000000000000000000116117118000000000000000000000000000000000000000000000000000000000000000000000000000000000000000000000000000
001031030000000000009798990000000000000000000000000000000000000000000000100101102000000000000000000000000000000116117118000000000000000000000000000000000000000000000000000000000000000000000000000000000000000000000000000
001031030000000000009798990000000000000000000000000000000000000000000000100101102000000000000000000000000000000116117118000000000000000000000000000000000000000000000000000000000000000000000000000000000000000000000000000
001031030000000000009798990000000000000000000000000000000000000000000000100101102000000000000000000000000000000116117118000000000000000000000000000000000000000000000000000000000000000000000000000000000000000000000000000
001031030000000000009798990000000000000000000000000000000000000000000000100101102000000000000000000000000000000116117118000000000000000000000000000000000000000000000000000000000000000000000000000000000000000000000000000
001031030000000000009798990000000000000000000000000000000000000000000000100101102000000000000000000000000000000116117118000000000000000000000000000000000000000000000000000000000000000000000000000000000000000000000000000
001031030000000000009798990000000000000000000000000000000000000000000000100101102000000000000000000000000000000116117118000000000000000000000000000000000000000000000000000000000000000000000000000000000000000000000000000
001031030000000000009798990000000000000000000000000000000000000000000000100101102000000000000000000000000000000116117118000000000000000000000000000000000000000000000000000000000000000000000000000000000000000000000000000
001031030000000000009798990000000000000000000000000000000000000000000000100101102000000000000000000000000000000116117118000000000000000000000000000000000000000000000000000000000000000000000000000000000000000000000000000
001031030000000000009798990000000000000000000000000000000000000000000000100101102000000000000000000000000000000116117118000000000000000000000000000000000000000000000000000000000000000000000000000000000000000000000000000
001031030000000000009798990000000000000000000000000000000000000000000000100101102000000000000000000000000000000116117118000000000000000000000000000000000000000000000000000000000000000000000000000000000000000000000000000
001031030000000000009798990000000000000000000000000000000000000000000000100101102000000000000000000000000000000116117118000000000000000000000000000000000000000000000000000000000000000000000000000000000000000000000000000
001031030000000000009798990000000000000000000000000000000000000000000000100101102000000000000000000000000000000116117118000000000000000000000000000000000000000000000000000000000000000000000000000000000000000000000000000
001031030000000000009798990000000000000000000000000000000000000000000000100101102000000000000000000000000000000116117118000000000000000000000000000000000000000000000000000000000000000000000000000000000000000000000000000
001031030000000000009798990000000000000000000000000000000000000000000000100101102000000000000000000000000000000116117118000000000000000000000000000000000000000000000000000000000000000000000000000000000000000000000000000
001031030000000000009798990000000000000000000000000000000000000000000000100101102000000000000000000000000000000116117118000000000000000000000000000000000000000000000000000000000000000000000000000000000000000000000000000
001031030000000000009798990000000000000000000000000000000000000000000000100101102000000000000000000000000000000116117118000000000000000000000000000000000000000000000000000000000000000000000000000000000000000000000000000
001031030000000000009798990000000000000000000000000000000000000000000000100101102000000000000000000000000000000116117118000000000000000000000000000000000000000000000000000000000000000000000000000000000000000000000000000
001031030000000000009798990000000000000000000000000000000000000000000000100101102000000000000000000000000000000116117118000000000000000000000000000000000000000000000000000000000000000000000000000000000000000000000000000
001031030000000000009798990000000000000000000000000000000000000000000000100101102000000000000000000000000000000116117118000000000000000000000000000000000000000000000000000000000000000000000000000000000000000000000000000
001031030000000000009798990000000000000000000000000000000000000000000000100101102000000000000000000000000000000116117118000000000000000000000000000000000000000000000000000000000000000000000000000000000000000000000000000
001031030000000000009798990000000000000000000000000000000000000000000000100101102000000000000000000000000000000116117118000000000000000000000000000000000000000000000000000000000000000000000000000000000000000000000000000
001031030000000000009798990000000000000000000000000000000000000000000000100101102000000000000000000000000000000116117118000000000000000000000000000000000000000000000000000000000000000000000000000000000000000000000000000
001031030000000000009798990000000000000000000000000000000000000000000000100101102000000000000000000000000000000116117118000000000000000000000000000000000000000000000000000000000000000000000000000000000000000000000000000
001031030000000000009798990000000000000000000000000000000000000000000000100101102000000000000000000000000000000116117118000000000000000000000000000000000000000000000000000000000000000000000000000000000000000000000000000
001031030000000000009798990000000000000000000000000000000000000000000000100101102000000000000000000000000000000116117118000000000000000000000000000000000000000000000000000000000000000000000000000000000000000000000000000
001031030000000000009798990000000000000000000000000000000000000000000000100101102000000000000000000000000000000116117118000000000000000000000000000000000000000000000000000000000000000000000000000000000000000000000000000
001031030000000000009798990000000000000000000000000000000000000000000000100101102000000000000000000000000000000116117118000000000000000000000000000000000000000000000000000000000000000000000000000000000000000000000000000
001031030000000000009798990000000000000000000000000000000000000000000000100101102000000000000000000000000000000116117118000000000000000000000000000000000000000000000000000000000000000000000000000000000000000000000000000
001031030000000000009798990000000000000000000000000000000000000000000000100101102000000000000000000000000000000116117118000000000000000000000000000000000000000000000000000000000000000000000000000000000000000000000000000
001031030000000000009798990000000000000000000000000000000000000000000000100101102000000000000000000000000000000116117118000000000000000000000000000000000000000000000000000000000000000000000000000000000000000000000000000
001031030000000000009798990000000000000000000000000000000000000000000000100101102000000000000000000000000000000116117118000000000000000000000000000000000000000000000000000000000000000000000000000000000000000000000000000
001031030000000000009798990000000000000000000000000000000000000000000000100101102000000000000000000000000000000116117118000000000000000000000000000000000000000000000000000000000000000000000000000000000000000000000000000
001031030000000000009798990000000000000000000000000000000000000000000000100101102000000000000000000000000000000116117118000000000000000000000000000000000000000000000000000000000000000000000000000000000000000000000000000
00119119120120120120120120120120120120120120121122123124124124124124124124124124124124124124124124124124124124124124124124124124124124124124124124124124124124124124124124124124124124124124124125126127128128128128128128128128128128128128128128128128128128128128128128128128128128128128128128129130131000000000000000000000000000000000000000000000000000000000000000000000000000000000000000000000000000
00119119120120120120120120120120120120120120121122123124124124124124124124124124124124124124124124124124124124124124124124124124124124124124124124124124124124124124124124124124124124124124124125126127128128128128128128128128128128128128128128128128128128128128128128128128128128128132132132133130131000000000000000000000000000000000000000000000000000000000000000000000000000000000000000000000000000
0011911900000000000097989999999999999999999999999999999999999999999999999999999999999999999999999999999999999999999999134135136136136136136136136136136136136136136136136136136136136136136136136136136136136136136136136137130131000000000000000000000000000000000000000000000000000000000000000000000000000000000000000000000000000
00119119000000000000979899999999999999999999999999999999999999999999999999999999999999999999999999999999999999999999991341351361361361361361361361361361361361361361361361361361361361361361361361361361361361361361360138139140000000000000000000000000000000000000000000000000000000000000000000000000000000000000000000000000000
001191190000000000009797000000000000000000000000000000000000000000000001411410000000000000000000000000000000138139140000000000000000000000000000000000000000000000000000000000000000000000000000000000000000000000000000
001191190000000000009797000000000000000000000000000000000000000000000001411410000000000000000000000000000000138139140000000000000000000000000000000000000000000000000000000000000000000000000000000000000000000000000000
001191190000000000009797000000000000000000000000000000000000000000000001411410000000000000000000000000000000138139140000000000000000000000000000000000000000000000000000000000000000000000000000000000000000000000000000
001191190000000000009797000000000000000000000000000000000000000000000001411410000000000000000000000000000000138139140000000000000000000000000000000000000000000000000000000000000000000000000000000000000000000000000000
001191190000000000009797000000000000000000000000000000000000000000000001411410000000000000000000000000000000138139140000000000000000000000000000000000000000000000000000000000000000000000000000000000000000000000000000
001191190000000000009797000000000000000000000000000000000000000000000001411410000000000000000000000000000000138139140000000000000000000000000000000000000000000000000000000000000000000000000000000000000000000000000000
001191190000000000009797000000000000000000000000000000000000000000000001411410000000000000000000000000000000138139140000000000000000000000000000000000000000000000000000000000000000000000000000000000000000000000000000
001191190000000000009797000000000000000000000000000000000000000000000001411410000000000000000000000000000000138139140000000000000000000000000000000000000000000000000000000000000000000000000000000000000000000000000000
001191190000000000009797000000000000000000000000000000000000000000000001411410000000000000000000000000000000138139140000000000000000000000000000000000000000000000000000000000000000000000000000000000000000000000000000
001191190000000000009797000000000000000000000000000000000000000000000001411410000000000000000000000000000000138139140000000000000000000000000000000000000000000000000000000000000000000000000000000000000000000000000000
001191190000000000009797000000000000000000000000000000000000000000000001411410000000000000000000000000000000138139140000000000000000000000000000000000000000000000000000000000000000000000000000000000000000000000000000
001191190000000000009797000000000000000000000000000000000000000000000001411410000000000000000000000000000000138139140000000000000000000000000000000000000000000000000000000000000000000000000000000000000000000000000000
001191190000000000009797000000000000000000000000000000000000000000000001411410000000000000000000000000000000138139140000000000000000000000000000000000000000000000000000000000000000000000000000000000000000000000000000
001191190000000000009797000000000000000000000000000000000000000000000001411410000000000000000000000000000000138139140000000000000000000000000000000000000000000000000000000000000000000000000000000000000000000000000000
001191190000000000009797000000000000000000000000000000000000000000000001411410000000000000000000000000000000138139140000000000000000000000000000000000000000000000000000000000000000000000000000000000000000000000000000
001191190000000000009797000000000000000000000000000000000000000000000001411410000000000000000000000000000000138139140000000000000000000000000000000000000000000000000000000000000000000000000000000000000000000000000000
001191190000000000009797000000000000000000000000000000000000000000000001411410000000000000000000000000000000138139140000000000000000000000000000000000000000000000000000000000000000000000000000000000000000000000000000
001191190000000000009797000000000000000000000000000000000000000000000001411410000000000000000000000000000000138139140000000000000000000000000000000000000000000000000000000000000000000000000000000000000000000000000000
001191190000000000009797000000000000000000000000000000000000000000000001411410000000000000000000000000000000138139140000000000000000000000000000000000000000000000000000000000000000000000000000000000000000000000000000
001191190000000000009797000000000000000000000000000000000000000000000001411410000000000000000000000000000000138139140000000000000000000000000000000000000000000000000000000000000000000000000000000000000000000000000000
001191190000000000009797000000000000000000000000000000000000000000000001411410000000000000000000000000000000138139140000000000000000000000000000000000000000000000000000000000000000000000000000000000000000000000000000
001191190000000000009797000000000000000000000000000000000000000000000001411410000000000000000000000000000000138139140000000000000000000000000000000000000000000000000000000000000000000000000000000000000000000000000000
01421191190000000000009797000000000000000000000000000000000000000000000001411410000000000000000000000000000000138139140000000000000000000000000000000000000000000000000000000000000000000000000000000000000000000000000000
01431191190000000000009797000000000000000000000000000000000000000000000001411410000000000000000000000000000000138139140000000000000000000000000000000000000000000000000000000000000000000000000000000000000000000000000000
01191191440000000000009797000000000000000000000000000000000000000000000001411410000000000000000000000000000000138139140000000000000000000000000000000000000000000000000000000000000000000000000000000000000000000000000000
01191191450000000000009797000000000000000000000000000000000000000000000001411410000000000000000000000000000000138139140000000000000000000000000000000000000000000000000000000000000000000000000000000000000000000000000000
01191461460000000000009797000000000000000000000000000000000000000000000001411410000000000000000000000000000000138139140000000000000000000000000000000000000000000000000000000000000000000000000000000000000000000000000000
0119146146147147147147147147147147147147147147147147148148148148148148148148148148148148148148148148148148148148148148148148148148148148148148148148148148148148148148148148148148148148148148148148148139139139139139139139139139139139139139139139139139139139139139139139139139139139139139139139139139140000000000000000000000000000000000000000000000000000000000000000000000000000000000000000000000000000
00146146147147147147147147147147147147147147147147148148148148148148148148148148148148148148148148148148148148148148148148148148148148148148148148148148148148148148148148148148148148148148148148148139139139139139139139139139139139139139139139139139139139139139139139139139139139139139139139139139140000000000000000000000000000000000000000000000000000000000000000000000000000000000000000000000000000
